101000
01100010001
11011111111111111111000000000000000
101100
01010000000
101011
101001
101101
101000
101011
01000000111
101000
101001
101100
101000
101010
101101
101011
00000
101110
001001001110101
01100011010
101010
101110
101100
101111
101100
101010
101001
x00011
x
x
x
1000001111100000
101000
101011
101101
101110
101010
101001
101111
101110
101100
101101
101000
101011
01010101101
101011
101000
101100
101111
101110
001110111001100
101101
101001
101010
X00001
X
101000
101010
101000
101001
101111
101011
101010
001100001101000
101110
101100
101000
101001
101100
101011
101000
101010
101111
11011001000111110110101011110011111
001000001010110
101000
101101
1000100011010100
1111111111111111
xxxx
00000000000000000000000000000000
01100000000000000000000000000010
11111000111111111111001111111111
11111110000000100000000000001000
11011111111111111111111111111101
11101111111111111111111111110111
00000000011111100000000000011100
11111000000000000111111111111111